#0 0 0 0 0 0 0 0 0 0 0  0  0  0  0  0  0  0  0  0   0  0  0  0  0  0  0  0  0  0  0  0  0  0  0  0  0  0  0  0  0  0  0  0
#0 1 2 3 4 5 6 7 8 9 10 11 12 13 14 15 16 17 18 19 |20 21 22 23 24 25 26 27 28 29 30 31 32 33 34 35 36 37 38 39 40 41 42 43
 
 #PP_B
 0 0 0 0 0 0 0 4 0 0 1  0  0  0  0  0  0  0  0  1   0  0  0  0  0  0  0  0  0  0  0  0  0  0  0  0  0  0  0  0  0  1  0  0
 0 0 0 0 0 0 0 4 0 0 2  0  0  0  0  0  0  0  0  2   0  0  0  0  0  0  0  0  0  0  0  0  0  0  0  0  0  0  0  0  0  2  0  0
 0 0 0 0 0 0 0 4 0 0 3  0  0  0  0  0  0  0  0  3   0  0  0  0  0  0  0  0  0  0  0  0  0  0  0  0  0  0  0  0  0  3  0  0

 #PP_P
 0 0 0 0 0 0 0 0 0 4 0  0  1  0  0  0  0  0  0  1   0  0  0  0  0  0  0  0  0  0  0  0  0  0  0  0  0  0  0  0  0  0  0  1 
 0 0 0 0 0 0 0 0 0 4 0  0  2  0  0  0  0  0  0  2   0  0  0  0  0  0  0  0  0  0  0  0  0  0  0  0  0  0  0  0  0  0  0  2 
 0 0 0 0 0 0 0 0 0 4 0  0  3  0  0  0  0  0  0  3   0  0  0  0  0  0  0  0  0  0  0  0  0  0  0  0  0  0  0  0  0  0  0  3 

 #PP_Pi
 0 0 0 0 0 0 0 0 4 0 0  1  0  0  0  0  0  0  0  1   0  0  0  0  0  0  0  0  0  0  0  0  0  0  0  0  0  0  0  0  0  0  1  0 
 0 0 0 0 0 0 0 0 4 0 0  2  0  0  0  0  0  0  0  2   0  0  0  0  0  0  0  0  0  0  0  0  0  0  0  0  0  0  0  0  0  0  2  0 
 0 0 0 0 0 0 0 0 4 0 0  3  0  0  0  0  0  0  0  3   0  0  0  0  0  0  0  0  0  0  0  0  0  0  0  0  0  0  0  0  0  0  3  0 

 #PiPi_B same
 0 0 0 4 0 0 0 0 0 0 1  0  0  0  0  0  1  0  0  0   0  0  0  0  0  0  0  0  0  0  1  0  0  0  0  0  0  0  0  0  0  0  0  0 
 0 0 0 4 0 0 0 0 0 0 2  0  0  0  0  0  2  0  0  0   0  0  0  0  0  0  0  0  0  0  2  0  0  0  0  0  0  0  0  0  0  0  0  0 
 0 0 0 4 0 0 0 0 0 0 3  0  0  0  0  0  3  0  0  0   0  0  0  0  0  0  0  0  0  0  3  0  0  0  0  0  0  0  0  0  0  0  0  0 

 #PiPi_P same
 0 0 0 0 0 0 0 4 0 0 0  0  1  0  0  0  1  0  0  0   0  0  0  0  0  0  0  0  0  0  0  0  0  1  0  0  0  0  0  0  0  0  0  0 
 0 0 0 0 0 0 0 4 0 0 0  0  2  0  0  0  2  0  0  0   0  0  0  0  0  0  0  0  0  0  0  0  0  2  0  0  0  0  0  0  0  0  0  0 
 0 0 0 0 0 0 0 4 0 0 0  0  3  0  0  0  3  0  0  0   0  0  0  0  0  0  0  0  0  0  0  0  0  3  0  0  0  0  0  0  0  0  0  0 

 #PiPi_sPi 
 0 0 0 0 4 0 0 0 0 0 0  1  0  0  0  0  1  0  0  0   0  0  0  0  0  0  0  0  0  0  0  1  0  0  0  0  0  0  0  0  0  0  0  0 
 0 0 0 0 4 0 0 0 0 0 0  2  0  0  0  0  2  0  0  0   0  0  0  0  0  0  0  0  0  0  0  2  0  0  0  0  0  0  0  0  0  0  0  0 
 0 0 0 0 4 0 0 0 0 0 0  3  0  0  0  0  3  0  0  0   0  0  0  0  0  0  0  0  0  0  0  3  0  0  0  0  0  0  0  0  0  0  0  0 

 #PiPi_nPi
 0 0 0 0 0 4 0 0 0 0 0  1  0  0  0  0  1  0  0  0   0  0  0  0  0  0  0  0  0  0  0  0  1  0  0  0  0  0  0  0  0  0  0  0 
 0 0 0 0 0 4 0 0 0 0 0  2  0  0  0  0  2  0  0  0   0  0  0  0  0  0  0  0  0  0  0  0  2  0  0  0  0  0  0  0  0  0  0  0 
 0 0 0 0 0 4 0 0 0 0 0  3  0  0  0  0  3  0  0  0   0  0  0  0  0  0  0  0  0  0  0  0  3  0  0  0  0  0  0  0  0  0  0  0 

 #BB_B
 4 0 0 0 0 0 0 0 0 0 1  0  0  1  0  0  0  0  0  0   1  0  0  0  0  0  0  0  0  0  0  0  0  0  0  0  0  0  0  0  0  0  0  0 
 4 0 0 0 0 0 0 0 0 0 2  0  0  2  0  0  0  0  0  0   2  0  0  0  0  0  0  0  0  0  0  0  0  0  0  0  0  0  0  0  0  0  0  0 
 4 0 0 0 0 0 0 0 0 0 3  0  0  3  0  0  0  0  0  0   3  0  0  0  0  0  0  0  0  0  0  0  0  0  0  0  0  0  0  0  0  0  0  0 

 #BB_P
 0 0 4 0 0 0 0 0 0 0 0  0  1  1  0  0  0  0  0  0   0  0  1  0  0  0  0  0  0  0  0  0  0  0  0  0  0  0  0  0  0  0  0  0 
 0 0 4 0 0 0 0 0 0 0 0  0  2  2  0  0  0  0  0  0   0  0  2  0  0  0  0  0  0  0  0  0  0  0  0  0  0  0  0  0  0  0  0  0 
 0 0 4 0 0 0 0 0 0 0 0  0  3  3  0  0  0  0  0  0   0  0  3  0  0  0  0  0  0  0  0  0  0  0  0  0  0  0  0  0  0  0  0  0 

 #BB_i
 0 4 0 0 0 0 0 0 0 0 0  1  0  1  0  0  0  0  0  0   0  1  0  0  0  0  0  0  0  0  0  0  0  0  0  0  0  0  0  0  0  0  0  0 
 0 4 0 0 0 0 0 0 0 0 0  2  0  2  0  0  0  0  0  0   0  2  0  0  0  0  0  0  0  0  0  0  0  0  0  0  0  0  0  0  0  0  0  0 
 0 4 0 0 0 0 0 0 0 0 0  3  0  3  0  0  0  0  0  0   0  3  0  0  0  0  0  0  0  0  0  0  0  0  0  0  0  0  0  0  0  0  0  0 

 #BP_B
 2 0 0 0 0 0 0 2 0 0 1  0  0  0  0  1  0  0  0  0   0  0  0  0  0  0  0  1  0  0  0  0  0  0  0  0  0  0  0  0  0  0  0  0 
 2 0 0 0 0 0 0 2 0 0 2  0  0  0  0  2  0  0  0  0   0  0  0  0  0  0  0  2  0  0  0  0  0  0  0  0  0  0  0  0  0  0  0  0 
 2 0 0 0 0 0 0 2 0 0 3  0  0  0  0  3  0  0  0  0   0  0  0  0  0  0  0  3  0  0  0  0  0  0  0  0  0  0  0  0  0  0  0  0 

 #BP_P
 0 0 2 0 0 0 0 0 0 2 0  0  1  0  0  1  0  0  0  0   0  0  0  0  0  0  0  0  0  1  0  0  0  0  0  0  0  0  0  0  0  0  0  0 
 0 0 2 0 0 0 0 0 0 2 0  0  2  0  0  2  0  0  0  0   0  0  0  0  0  0  0  0  0  2  0  0  0  0  0  0  0  0  0  0  0  0  0  0 
 0 0 2 0 0 0 0 0 0 2 0  0  3  0  0  3  0  0  0  0   0  0  0  0  0  0  0  0  0  3  0  0  0  0  0  0  0  0  0  0  0  0  0  0 
 
 #BP_i
 0 2 0 0 0 0 0 0 2 0 0  1  0  0  0  1  0  0  0  0   0  0  0  0  0  0  0  0  1  0  0  0  0  0  0  0  0  0  0  0  0  0  0  0 
 0 2 0 0 0 0 0 0 2 0 0  2  0  0  0  2  0  0  0  0   0  0  0  0  0  0  0  0  2  0  0  0  0  0  0  0  0  0  0  0  0  0  0  0 
 0 2 0 0 0 0 0 0 2 0 0  3  0  0  0  3  0  0  0  0   0  0  0  0  0  0  0  0  3  0  0  0  0  0  0  0  0  0  0  0  0  0  0  0 

 #Bi_B
 2 0 0 2 0 0 0 0 0 0 1  0  0  0  1  0  0  0  0  0   0  0  0  1  0  0  0  0  0  0  0  0  0  0  0  0  0  0  0  0  0  0  0  0 
 2 0 0 2 0 0 0 0 0 0 2  0  0  0  2  0  0  0  0  0   0  0  0  2  0  0  0  0  0  0  0  0  0  0  0  0  0  0  0  0  0  0  0  0 
 2 0 0 2 0 0 0 0 0 0 3  0  0  0  3  0  0  0  0  0   0  0  0  3  0  0  0  0  0  0  0  0  0  0  0  0  0  0  0  0  0  0  0  0 

 #Bi_P
 0 0 2 0 0 0 2 0 0 0 0  0  1  0  1  0  0  0  0  0   0  0  0  0  0  0  1  0  0  0  0  0  0  0  0  0  0  0  0  0  0  0  0  0 
 0 0 2 0 0 0 2 0 0 0 0  0  2  0  2  0  0  0  0  0   0  0  0  0  0  0  2  0  0  0  0  0  0  0  0  0  0  0  0  0  0  0  0  0 
 0 0 2 0 0 0 2 0 0 0 0  0  3  0  3  0  0  0  0  0   0  0  0  0  0  0  3  0  0  0  0  0  0  0  0  0  0  0  0  0  0  0  0  0 

 #Bi_i1
 0 2 0 0 2 0 0 0 0 0 0  1  0  0  1  0  0  0  0  0   0  0  0  0  1  0  0  0  0  0  0  0  0  0  0  0  0  0  0  0  0  0  0  0 
 0 2 0 0 2 0 0 0 0 0 0  2  0  0  2  0  0  0  0  0   0  0  0  0  2  0  0  0  0  0  0  0  0  0  0  0  0  0  0  0  0  0  0  0 
 0 2 0 0 2 0 0 0 0 0 0  3  0  0  3  0  0  0  0  0   0  0  0  0  3  0  0  0  0  0  0  0  0  0  0  0  0  0  0  0  0  0  0  0 

 #Bi_i2
 0 2 0 0 0 2 0 0 0 0 0  1  0  0  1  0  0  0  0  0   0  1  0  0  0  1  0  0  0  0  0  0  0  0  0  0  0  0  0  0  0  0  0  0 
 0 2 0 0 0 2 0 0 0 0 0  2  0  0  2  0  0  0  0  0   0  1  0  0  0  2  0  0  0  0  0  0  0  0  0  0  0  0  0  0  0  0  0  0 
 0 2 0 0 0 2 0 0 0 0 0  3  0  0  3  0  0  0  0  0   0  1  0  0  0  3  0  0  0  0  0  0  0  0  0  0  0  0  0  0  0  0  0  0 

 #diff_PiPi_B
 0 0 0 0 0 0 0 4 0 0 1  0  0  0  0  0  0  1  0  0   0  0  0  0  0  0  0  0  0  0  0  0  0  0  1  0  0  0  0  0  0  0  0  0 
 0 0 0 0 0 0 0 4 0 0 2  0  0  0  0  0  0  2  0  0   0  0  0  0  0  0  0  0  0  0  0  0  0  0  2  0  0  0  0  0  0  0  0  0 
 0 0 0 0 0 0 0 4 0 0 3  0  0  0  0  0  0  3  0  0   0  0  0  0  0  0  0  0  0  0  0  0  0  0  3  0  0  0  0  0  0  0  0  0 

 #dif_PiPi_P
 0 0 0 0 0 0 4 0 0 0 0  0  1  0  0  0  0  1  0  0   0  0  0  0  1  0  0  0  0  0  0  0  0  0  0  0  1  0  0  0  0  0  0  0 
 0 0 0 0 0 0 4 0 0 0 0  0  2  0  0  0  0  2  0  0   0  0  0  0  1  0  0  0  0  0  0  0  0  0  0  0  2  0  0  0  0  0  0  0 
 0 0 0 0 0 0 4 0 0 0 0  0  3  0  0  0  0  3  0  0   0  0  0  0  1  0  0  0  0  0  0  0  0  0  0  0  3  0  0  0  0  0  0  0 

 #dif_PiPi_Pi
 0 0 0 0 2 2 0 0 0 0 0  1  0  0  0  0  0  1  0  0   0  0  0  0  1  0  0  0  0  0  0  0  0  0  0  1  0  0  0  0  0  0  0  0 
 0 0 0 0 2 2 0 0 0 0 0  2  0  0  0  0  0  2  0  0   0  0  0  0  1  0  0  0  0  0  0  0  0  0  0  2  0  0  0  0  0  0  0  0 
 0 0 0 0 2 2 0 0 0 0 0  3  0  0  0  0  0  3  0  0   0  0  0  0  1  0  0  0  0  0  0  0  0  0  0  3  0  0  0  0  0  0  0  0 

 #PPi_B
 0 0 0 2 0 0 0 2 0 0 1  0  0  0  0  0  0  0  1  0   0  0  0  0  0  1  0  0  0  0  0  0  0  0  0  0  0  1  0  0  0  0  0  0 
 0 0 0 2 0 0 0 2 0 0 2  0  0  0  0  0  0  0  2  0   0  0  0  0  0  1  0  0  0  0  0  0  0  0  0  0  0  2  0  0  0  0  0  0 
 0 0 0 2 0 0 0 2 0 0 3  0  0  0  0  0  0  0  3  0   0  0  0  0  0  1  0  0  0  0  0  0  0  0  0  0  0  3  0  0  0  0  0  0 

 #PPi_P
 0 0 0 0 0 0 2 0 0 2 0  0  1  0  0  0  0  0  1  0   0  0  0  0  0  1  0  0  0  0  0  0  0  0  0  0  0  0  0  0  1  0  0  0  
 0 0 0 0 0 0 2 0 0 2 0  0  2  0  0  0  0  0  2  0   0  0  0  0  0  1  0  0  0  0  0  0  0  0  0  0  0  0  0  0  2  0  0  0  
 0 0 0 0 0 0 2 0 0 2 0  0  3  0  0  0  0  0  3  0   0  0  0  0  0  1  0  0  0  0  0  0  0  0  0  0  0  0  0  0  3  0  0  0  

 #PPi_Pi1
 0 0 0 0 2 0 0 0 2 0 0  1  0  0  0  0  0  0  1  0   0  0  0  0  0  1  0  0  0  0  0  0  0  0  0  0  0  0  1  0  0  0  0  0 
 0 0 0 0 2 0 0 0 2 0 0  2  0  0  0  0  0  0  2  0   0  0  0  0  0  1  0  0  0  0  0  0  0  0  0  0  0  0  2  0  0  0  0  0 
 0 0 0 0 2 0 0 0 2 0 0  3  0  0  0  0  0  0  3  0   0  0  0  0  0  1  0  0  0  0  0  0  0  0  0  0  0  0  3  0  0  0  0  0 

 #PPi_Pi2
 0 0 0 0 0 2 0 0 2 0 0  1  0  0  0  0  0  0  1  0   0  0  0  0  0  1  0  0  0  0  0  0  0  0  0  0  0  0  0  1  0  0  0  0 
 0 0 0 0 0 2 0 0 2 0 0  2  0  0  0  0  0  0  2  0   0  0  0  0  0  1  0  0  0  0  0  0  0  0  0  0  0  0  0  2  0  0  0  0 
 0 0 0 0 0 2 0 0 2 0 0  3  0  0  0  0  0  0  3  0   0  0  0  0  0  1  0  0  0  0  0  0  0  0  0  0  0  0  0  3  0  0  0  0 











