6.025342908217987681e-01
2.868920979764484347e+00
1.667631493177008206e+00
-1.964631989216464921e-03
-1.022925142785608532e+00
2.284799182584065502e-01
-6.570048377620728575e-01
-4.490509013493796525e-02
1.117539650019614694e-01
-1.075928786717452068e+00
2.500960742944208448e+00
3.854617336206671574e+00
4.202593470138083376e+00
3.756876003504137085e+00
-7.525515355225841363e-01
1.861902876558472641e+00
1.392757221627864306e+00
1.728273128376525802e+00
1.575302197877581412e+00
8.525465330776870188e-01
7.955806440756132275e-03
1.221974799313757798e-01
2.262838432184040294e-02
1.792139151888930831e-02
1.006450644270166827e-03
8.115771444920676092e-02
2.924309318688405601e-01
1.220752165090944474e-01
1.335292074899238068e-01
-1.372179988458323563e-01
5.725680684489461991e-02
5.866005878626481124e-02
1.009190849616922458e-01
-1.669288186181245442e-02
6.099982338815432836e-01
4.824590535623723975e-01
-1.761470482622287947e-01
