-3.284977658181781335e-01
1.278878051194672683e+00
2.429361557856850040e-01
-5.172322912948572604e-01
-2.756253622055631958e+00
-2.113181737753814904e+00
-1.479469072281048625e+00
-6.014092647072314390e-01
-1.898368974290856936e+00
-1.536945503419215431e+00
5.339456596611670491e+00
1.361202088868975757e+01
7.331067741164170037e+00
2.137535069076632155e+00
-1.433499938428930864e+00
6.122791048203225728e+00
1.666671980199503134e+00
2.194470741096450350e+00
1.361284110029874483e+00
4.597236616546141796e+00
3.441608904768199417e-02
1.217935088108722114e-01
3.501332141118080332e-01
1.173875169513235138e-02
-8.933871142132397344e-03
1.581221321974040639e-01
5.647426398767726452e-01
1.217835074377165983e-01
1.503913407308237749e-01
1.564380888022404159e-01
6.166313553474524201e-02
7.613427299605145249e-02
1.618456689387788028e-01
2.754389437175486788e-01
6.097065249122065600e-01
5.120607974935120765e-01
8.252359433562742042e-02
