1.477634771637653666e-01
1.877544756848674945e+00
1.598141158597830458e+00
-4.400787112773823506e-01
-1.575159201583136381e+00
-1.315447621986453486e+00
-1.112312058316510033e+00
-5.581447025399486339e-01
-9.865342432897159508e-01
-1.567157809271895408e+00
5.185997869236929070e+00
9.419267021157468278e+00
6.425060489334170732e+00
5.586332553704047577e-01
7.543637816527357653e-01
1.800366338698892399e+00
5.080503089046107812e-01
1.773200186651656907e+00
1.385418324411491264e+00
1.587306100674417575e+00
4.560100559187418856e-02
1.595797494476330236e+00
1.354782504926977271e+00
5.923984050004117013e-02
8.295487162957823069e-01
1.716835760914005471e+00
2.567066943022521031e+00
5.187840165276293991e-01
1.636562587195473872e+00
8.089488454752163937e-01
2.651722074754588876e-01
1.243304887785817714e+00
1.695681987186764772e+00
1.334857103823310354e+00
2.470476086425589024e+00
3.067390070536277324e+00
6.801775425836328326e-01
